[php.jpg]
moddate=ba83d79b6f85cf01
width=316
height=374
text=1;139;3;PHP;Adobe Caslon Pro Bold;0.425006,0.029964,0.050000,0.000000;v1,4278190080,4294967295,128.000000,1.000000,0.000000,1.000000,700,0,49152;;
textactive=1
